alpha1 =
[   1/2*sqrt(2)              0              0              0              0              0              0              0              0              0              0              0              0  1/2*I*sqrt(2)]
[             0    1/2*sqrt(2)              0              0              0              0              0              0  1/2*I*sqrt(2)              0              0              0              0              0]
[             0              0    1/2*sqrt(2)              0              0              0              0  1/2*I*sqrt(2)              0              0              0              0              0              0]
[             0              0              0    1/2*sqrt(2)              0              0              0              0              0 -1/2*I*sqrt(2)              0              0              0              0]
[             0              0              0              0              1              0              0              0              0              0              0              0              0              0]
[             0              0              0              0              0              1              0              0              0              0              0              0              0              0]
[             0              0              0              0              0              0    1/2*sqrt(2)              0              0              0              0              0  1/2*I*sqrt(2)              0]
[             0              0  1/2*I*sqrt(2)              0              0              0              0    1/2*sqrt(2)              0              0              0              0              0              0]
[             0  1/2*I*sqrt(2)              0              0              0              0              0              0    1/2*sqrt(2)              0              0              0              0              0]
[             0              0              0 -1/2*I*sqrt(2)              0              0              0              0              0    1/2*sqrt(2)              0              0              0              0]
[             0              0              0              0              0              0              0              0              0              0              1              0              0              0]
[             0              0              0              0              0              0              0              0              0              0              0              1              0              0]
[             0              0              0              0              0              0  1/2*I*sqrt(2)              0              0              0              0              0    1/2*sqrt(2)              0]
[ 1/2*I*sqrt(2)              0              0              0              0              0              0              0              0              0              0              0              0    1/2*sqrt(2)]
alpha2 =
[   1/2*sqrt(2)              0              0              0              0              0              0              0  1/2*I*sqrt(2)              0              0              0              0              0]
[             0    1/2*sqrt(2)              0              0              0              0              0              0              0              0              0              0              0  1/2*I*sqrt(2)]
[             0              0    1/2*sqrt(2)              0              0              0  1/2*I*sqrt(2)              0              0              0              0              0              0              0]
[             0              0              0              1              0              0              0              0              0              0              0              0              0              0]
[             0              0              0              0    1/2*sqrt(2)              0              0              0              0              0 -1/2*I*sqrt(2)              0              0              0]
[             0              0              0              0              0              1              0              0              0              0              0              0              0              0]
[             0              0  1/2*I*sqrt(2)              0              0              0    1/2*sqrt(2)              0              0              0              0              0              0              0]
[             0              0              0              0              0              0              0    1/2*sqrt(2)              0              0              0              0  1/2*I*sqrt(2)              0]
[ 1/2*I*sqrt(2)              0              0              0              0              0              0              0    1/2*sqrt(2)              0              0              0              0              0]
[             0              0              0              0              0              0              0              0              0              1              0              0              0              0]
[             0              0              0              0 -1/2*I*sqrt(2)              0              0              0              0              0    1/2*sqrt(2)              0              0              0]
[             0              0              0              0              0              0              0              0              0              0              0              1              0              0]
[             0              0              0              0              0              0              0  1/2*I*sqrt(2)              0              0              0              0    1/2*sqrt(2)              0]
[             0  1/2*I*sqrt(2)              0              0              0              0              0              0              0              0              0              0              0    1/2*sqrt(2)]
alpha3 =
[   1/2*sqrt(2)              0              0              0              0              0              0  1/2*I*sqrt(2)              0              0              0              0              0              0]
[             0    1/2*sqrt(2)              0              0              0              0  1/2*I*sqrt(2)              0              0              0              0              0              0              0]
[             0              0    1/2*sqrt(2)              0              0              0              0              0              0              0              0              0              0  1/2*I*sqrt(2)]
[             0              0              0              1              0              0              0              0              0              0              0              0              0              0]
[             0              0              0              0              1              0              0              0              0              0              0              0              0              0]
[             0              0              0              0              0    1/2*sqrt(2)              0              0              0              0              0 -1/2*I*sqrt(2)              0              0]
[             0  1/2*I*sqrt(2)              0              0              0              0    1/2*sqrt(2)              0              0              0              0              0              0              0]
[ 1/2*I*sqrt(2)              0              0              0              0              0              0    1/2*sqrt(2)              0              0              0              0              0              0]
[             0              0              0              0              0              0              0              0    1/2*sqrt(2)              0              0              0  1/2*I*sqrt(2)              0]
[             0              0              0              0              0              0              0              0              0              1              0              0              0              0]
[             0              0              0              0              0              0              0              0              0              0              1              0              0              0]
[             0              0              0              0              0 -1/2*I*sqrt(2)              0              0              0              0              0    1/2*sqrt(2)              0              0]
[             0              0              0              0              0              0              0              0  1/2*I*sqrt(2)              0              0              0    1/2*sqrt(2)              0]
[             0              0  1/2*I*sqrt(2)              0              0              0              0              0              0              0              0              0              0    1/2*sqrt(2)]
sqrt(2)delta:=sqrt(2)alpha1 * alpha2 * alpha3 =
[   1/2   -1/2   -1/2      0      0      0 -1/2*I  1/2*I  1/2*I      0      0      0   -1/2  1/2*I]
[  -1/2    1/2   -1/2      0      0      0  1/2*I -1/2*I  1/2*I      0      0      0   -1/2  1/2*I]
[  -1/2   -1/2    1/2      0      0      0  1/2*I  1/2*I -1/2*I      0      0      0   -1/2  1/2*I]
[     0      0      0      1      0      0      0      0      0     -I      0      0      0      0]
[     0      0      0      0      1      0      0      0      0      0     -I      0      0      0]
[     0      0      0      0      0      1      0      0      0      0      0     -I      0      0]
[-1/2*I  1/2*I  1/2*I      0      0      0    1/2   -1/2   -1/2      0      0      0  1/2*I   -1/2]
[ 1/2*I -1/2*I  1/2*I      0      0      0   -1/2    1/2   -1/2      0      0      0  1/2*I   -1/2]
[ 1/2*I  1/2*I -1/2*I      0      0      0   -1/2   -1/2    1/2      0      0      0  1/2*I   -1/2]
[     0      0      0     -I      0      0      0      0      0      1      0      0      0      0]
[     0      0      0      0     -I      0      0      0      0      0      1      0      0      0]
[     0      0      0      0      0     -I      0      0      0      0      0      1      0      0]
[  -1/2   -1/2   -1/2      0      0      0  1/2*I  1/2*I  1/2*I      0      0      0    1/2 -1/2*I]
[ 1/2*I  1/2*I  1/2*I      0      0      0   -1/2   -1/2   -1/2      0      0      0 -1/2*I    1/2]
delta^{-1} * lambda * delta =
[-I  0  0  0  0  0  0  0  0  0  0  0  0  0]
[ 0 -I  0  0  0  0  0  0  0  0  0  0  0  0]
[ 0  0 -I  0  0  0  0  0  0  0  0  0  0  0]
[ 0  0  0 -I  0  0  0  0  0  0  0  0  0  0]
[ 0  0  0  0 -I  0  0  0  0  0  0  0  0  0]
[ 0  0  0  0  0 -I  0  0  0  0  0  0  0  0]
[ 0  0  0  0  0  0  I  0  0  0  0  0  0  0]
[ 0  0  0  0  0  0  0  I  0  0  0  0  0  0]
[ 0  0  0  0  0  0  0  0  I  0  0  0  0  0]
[ 0  0  0  0  0  0  0  0  0  I  0  0  0  0]
[ 0  0  0  0  0  0  0  0  0  0  I  0  0  0]
[ 0  0  0  0  0  0  0  0  0  0  0  I  0  0]
[ 0  0  0  0  0  0  0  0  0  0  0  0 -I  0]
[ 0  0  0  0  0  0  0  0  0  0  0  0  0  I]
cocycle =
[0 0 0 0 0 0 I 0 0 0 0 0 0 0]
[0 0 0 0 0 0 0 I 0 0 0 0 0 0]
[0 0 0 0 0 0 0 0 I 0 0 0 0 0]
[0 0 0 0 0 0 0 0 0 I 0 0 0 0]
[0 0 0 0 0 0 0 0 0 0 I 0 0 0]
[0 0 0 0 0 0 0 0 0 0 0 I 0 0]
[I 0 0 0 0 0 0 0 0 0 0 0 0 0]
[0 I 0 0 0 0 0 0 0 0 0 0 0 0]
[0 0 I 0 0 0 0 0 0 0 0 0 0 0]
[0 0 0 I 0 0 0 0 0 0 0 0 0 0]
[0 0 0 0 I 0 0 0 0 0 0 0 0 0]
[0 0 0 0 0 I 0 0 0 0 0 0 0 0]
[0 0 0 0 0 0 0 0 0 0 0 0 0 I]
[0 0 0 0 0 0 0 0 0 0 0 0 I 0]