=== beta_1 ===
beta =
[ 1 -1 -1  0  0  0  1 -1 -1  0  0  0  1  1]
[-1  1 -1  0  0  0 -1  1 -1  0  0  0  1  1]
[-1 -1  1  0  0  0 -1 -1  1  0  0  0  1  1]
[ 0  0  0  2  0  0  0  0  0  2  0  0  0  0]
[ 0  0  0  0  2  0  0  0  0  0  2  0  0  0]
[ 0  0  0  0  0  2  0  0  0  0  0  2  0  0]
[-1  1  1  0  0  0  1 -1 -1  0  0  0 -1  1]
[ 1 -1  1  0  0  0 -1  1 -1  0  0  0 -1  1]
[ 1  1 -1  0  0  0 -1 -1  1  0  0  0 -1  1]
[ 0  0  0 -2  0  0  0  0  0  2  0  0  0  0]
[ 0  0  0  0 -2  0  0  0  0  0  2  0  0  0]
[ 0  0  0  0  0 -2  0  0  0  0  0  2  0  0]
[ 1  1  1  0  0  0  1  1  1  0  0  0  1  1]
[-1 -1 -1  0  0  0  1  1  1  0  0  0 -1  1]
cocycle =
[1 0 0 0 0 0 0 0 0 0 0 0 0 0]
[0 1 0 0 0 0 0 0 0 0 0 0 0 0]
[0 0 1 0 0 0 0 0 0 0 0 0 0 0]
[0 0 0 1 0 0 0 0 0 0 0 0 0 0]
[0 0 0 0 1 0 0 0 0 0 0 0 0 0]
[0 0 0 0 0 1 0 0 0 0 0 0 0 0]
[0 0 0 0 0 0 1 0 0 0 0 0 0 0]
[0 0 0 0 0 0 0 1 0 0 0 0 0 0]
[0 0 0 0 0 0 0 0 1 0 0 0 0 0]
[0 0 0 0 0 0 0 0 0 1 0 0 0 0]
[0 0 0 0 0 0 0 0 0 0 1 0 0 0]
[0 0 0 0 0 0 0 0 0 0 0 1 0 0]
[0 0 0 0 0 0 0 0 0 0 0 0 1 0]
[0 0 0 0 0 0 0 0 0 0 0 0 0 1]
beta*sigma*beta^{-1}=
[ 1  0  0  0  0  0  0  0  0  0  0  0  0  0]
[ 0  1  0  0  0  0  0  0  0  0  0  0  0  0]
[ 0  0  1  0  0  0  0  0  0  0  0  0  0  0]
[ 0  0  0 -1  0  0  0  0  0  0  0  0  0  0]
[ 0  0  0  0 -1  0  0  0  0  0  0  0  0  0]
[ 0  0  0  0  0 -1  0  0  0  0  0  0  0  0]
[ 0  0  0  0  0  0  1  0  0  0  0  0  0  0]
[ 0  0  0  0  0  0  0  1  0  0  0  0  0  0]
[ 0  0  0  0  0  0  0  0  1  0  0  0  0  0]
[ 0  0  0  0  0  0  0  0  0 -1  0  0  0  0]
[ 0  0  0  0  0  0  0  0  0  0 -1  0  0  0]
[ 0  0  0  0  0  0  0  0  0  0  0 -1  0  0]
[ 0  0  0  0  0  0  0  0  0  0  0  0  1  0]
[ 0  0  0  0  0  0  0  0  0  0  0  0  0  1]
beta*rho*beta^{-1}=
[ 0  0  0  0  0  0 -1  0  0  0  0  0  0  0]
[ 0  0  0  0  0  0  0 -1  0  0  0  0  0  0]
[ 0  0  0  0  0  0  0  0 -1  0  0  0  0  0]
[ 0  0  0  0  0  0  0  0  0 -1  0  0  0  0]
[ 0  0  0  0  0  0  0  0  0  0 -1  0  0  0]
[ 0  0  0  0  0  0  0  0  0  0  0 -1  0  0]
[ 1  0  0  0  0  0  0  0  0  0  0  0  0  0]
[ 0  1  0  0  0  0  0  0  0  0  0  0  0  0]
[ 0  0  1  0  0  0  0  0  0  0  0  0  0  0]
[ 0  0  0  1  0  0  0  0  0  0  0  0  0  0]
[ 0  0  0  0  1  0  0  0  0  0  0  0  0  0]
[ 0  0  0  0  0  1  0  0  0  0  0  0  0  0]
[ 0  0  0  0  0  0  0  0  0  0  0  0  0 -1]
[ 0  0  0  0  0  0  0  0  0  0  0  0  1  0]
beta*iota*beta^{-1}=
[ 0  0  0  0  0  0 -1  0  0  0  0  0  0  0]
[ 0  0  0  0  0  0  0 -1  0  0  0  0  0  0]
[ 0  0  0  0  0  0  0  0 -1  0  0  0  0  0]
[ 0  0  0  0  0  0  0  0  0 -1  0  0  0  0]
[ 0  0  0  0  0  0  0  0  0  0 -1  0  0  0]
[ 0  0  0  0  0  0  0  0  0  0  0 -1  0  0]
[-1  0  0  0  0  0  0  0  0  0  0  0  0  0]
[ 0 -1  0  0  0  0  0  0  0  0  0  0  0  0]
[ 0  0 -1  0  0  0  0  0  0  0  0  0  0  0]
[ 0  0  0 -1  0  0  0  0  0  0  0  0  0  0]
[ 0  0  0  0 -1  0  0  0  0  0  0  0  0  0]
[ 0  0  0  0  0 -1  0  0  0  0  0  0  0  0]
[ 0  0  0  0  0  0  0  0  0  0  0  0  0 -1]
[ 0  0  0  0  0  0  0  0  0  0  0  0 -1  0]
beta*rho*iota*beta^{-1}=
[ 1  0  0  0  0  0  0  0  0  0  0  0  0  0]
[ 0  1  0  0  0  0  0  0  0  0  0  0  0  0]
[ 0  0  1  0  0  0  0  0  0  0  0  0  0  0]
[ 0  0  0  1  0  0  0  0  0  0  0  0  0  0]
[ 0  0  0  0  1  0  0  0  0  0  0  0  0  0]
[ 0  0  0  0  0  1  0  0  0  0  0  0  0  0]
[ 0  0  0  0  0  0 -1  0  0  0  0  0  0  0]
[ 0  0  0  0  0  0  0 -1  0  0  0  0  0  0]
[ 0  0  0  0  0  0  0  0 -1  0  0  0  0  0]
[ 0  0  0  0  0  0  0  0  0 -1  0  0  0  0]
[ 0  0  0  0  0  0  0  0  0  0 -1  0  0  0]
[ 0  0  0  0  0  0  0  0  0  0  0 -1  0  0]
[ 0  0  0  0  0  0  0  0  0  0  0  0  1  0]
[ 0  0  0  0  0  0  0  0  0  0  0  0  0 -1]
cocycle = 1
True
beta*sigma*beta^{-1}=sigma
True
beta*rho*beta^{-1}=rho
True
beta*iota*beta^{-1}=iota*rho
True
beta*rho*iota*beta^{-1}=iota
True
=== beta_2 ===
beta =
[   1   -1   -1    0    0    0   -I    I    I    0    0    0   -1    I]
[  -1    1   -1    0    0    0    I   -I    I    0    0    0   -1    I]
[  -1   -1    1    0    0    0    I    I   -I    0    0    0   -1    I]
[   0    0    0    2    0    0    0    0    0 -2*I    0    0    0    0]
[   0    0    0    0    2    0    0    0    0    0 -2*I    0    0    0]
[   0    0    0    0    0    2    0    0    0    0    0 -2*I    0    0]
[  -I    I    I    0    0    0    1   -1   -1    0    0    0    I   -1]
[   I   -I    I    0    0    0   -1    1   -1    0    0    0    I   -1]
[   I    I   -I    0    0    0   -1   -1    1    0    0    0    I   -1]
[   0    0    0 -2*I    0    0    0    0    0    2    0    0    0    0]
[   0    0    0    0 -2*I    0    0    0    0    0    2    0    0    0]
[   0    0    0    0    0 -2*I    0    0    0    0    0    2    0    0]
[  -1   -1   -1    0    0    0    I    I    I    0    0    0    1   -I]
[   I    I    I    0    0    0   -1   -1   -1    0    0    0   -I    1]
cocycle =
[0 0 0 0 0 0 I 0 0 0 0 0 0 0]
[0 0 0 0 0 0 0 I 0 0 0 0 0 0]
[0 0 0 0 0 0 0 0 I 0 0 0 0 0]
[0 0 0 0 0 0 0 0 0 I 0 0 0 0]
[0 0 0 0 0 0 0 0 0 0 I 0 0 0]
[0 0 0 0 0 0 0 0 0 0 0 I 0 0]
[I 0 0 0 0 0 0 0 0 0 0 0 0 0]
[0 I 0 0 0 0 0 0 0 0 0 0 0 0]
[0 0 I 0 0 0 0 0 0 0 0 0 0 0]
[0 0 0 I 0 0 0 0 0 0 0 0 0 0]
[0 0 0 0 I 0 0 0 0 0 0 0 0 0]
[0 0 0 0 0 I 0 0 0 0 0 0 0 0]
[0 0 0 0 0 0 0 0 0 0 0 0 0 I]
[0 0 0 0 0 0 0 0 0 0 0 0 I 0]
beta*sigma*beta^{-1}=
[ 1  0  0  0  0  0  0  0  0  0  0  0  0  0]
[ 0  1  0  0  0  0  0  0  0  0  0  0  0  0]
[ 0  0  1  0  0  0  0  0  0  0  0  0  0  0]
[ 0  0  0 -1  0  0  0  0  0  0  0  0  0  0]
[ 0  0  0  0 -1  0  0  0  0  0  0  0  0  0]
[ 0  0  0  0  0 -1  0  0  0  0  0  0  0  0]
[ 0  0  0  0  0  0  1  0  0  0  0  0  0  0]
[ 0  0  0  0  0  0  0  1  0  0  0  0  0  0]
[ 0  0  0  0  0  0  0  0  1  0  0  0  0  0]
[ 0  0  0  0  0  0  0  0  0 -1  0  0  0  0]
[ 0  0  0  0  0  0  0  0  0  0 -1  0  0  0]
[ 0  0  0  0  0  0  0  0  0  0  0 -1  0  0]
[ 0  0  0  0  0  0  0  0  0  0  0  0  1  0]
[ 0  0  0  0  0  0  0  0  0  0  0  0  0  1]
beta*rho*beta^{-1}=
[-I  0  0  0  0  0  0  0  0  0  0  0  0  0]
[ 0 -I  0  0  0  0  0  0  0  0  0  0  0  0]
[ 0  0 -I  0  0  0  0  0  0  0  0  0  0  0]
[ 0  0  0 -I  0  0  0  0  0  0  0  0  0  0]
[ 0  0  0  0 -I  0  0  0  0  0  0  0  0  0]
[ 0  0  0  0  0 -I  0  0  0  0  0  0  0  0]
[ 0  0  0  0  0  0  I  0  0  0  0  0  0  0]
[ 0  0  0  0  0  0  0  I  0  0  0  0  0  0]
[ 0  0  0  0  0  0  0  0  I  0  0  0  0  0]
[ 0  0  0  0  0  0  0  0  0  I  0  0  0  0]
[ 0  0  0  0  0  0  0  0  0  0  I  0  0  0]
[ 0  0  0  0  0  0  0  0  0  0  0  I  0  0]
[ 0  0  0  0  0  0  0  0  0  0  0  0 -I  0]
[ 0  0  0  0  0  0  0  0  0  0  0  0  0  I]
beta*iota*beta^{-1}=
[ 0  0  0  0  0  0  I  0  0  0  0  0  0  0]
[ 0  0  0  0  0  0  0  I  0  0  0  0  0  0]
[ 0  0  0  0  0  0  0  0  I  0  0  0  0  0]
[ 0  0  0  0  0  0  0  0  0  I  0  0  0  0]
[ 0  0  0  0  0  0  0  0  0  0  I  0  0  0]
[ 0  0  0  0  0  0  0  0  0  0  0  I  0  0]
[-I  0  0  0  0  0  0  0  0  0  0  0  0  0]
[ 0 -I  0  0  0  0  0  0  0  0  0  0  0  0]
[ 0  0 -I  0  0  0  0  0  0  0  0  0  0  0]
[ 0  0  0 -I  0  0  0  0  0  0  0  0  0  0]
[ 0  0  0  0 -I  0  0  0  0  0  0  0  0  0]
[ 0  0  0  0  0 -I  0  0  0  0  0  0  0  0]
[ 0  0  0  0  0  0  0  0  0  0  0  0  0  I]
[ 0  0  0  0  0  0  0  0  0  0  0  0 -I  0]
beta*rho*iota*beta^{-1}=
[0 0 0 0 0 0 1 0 0 0 0 0 0 0]
[0 0 0 0 0 0 0 1 0 0 0 0 0 0]
[0 0 0 0 0 0 0 0 1 0 0 0 0 0]
[0 0 0 0 0 0 0 0 0 1 0 0 0 0]
[0 0 0 0 0 0 0 0 0 0 1 0 0 0]
[0 0 0 0 0 0 0 0 0 0 0 1 0 0]
[1 0 0 0 0 0 0 0 0 0 0 0 0 0]
[0 1 0 0 0 0 0 0 0 0 0 0 0 0]
[0 0 1 0 0 0 0 0 0 0 0 0 0 0]
[0 0 0 1 0 0 0 0 0 0 0 0 0 0]
[0 0 0 0 1 0 0 0 0 0 0 0 0 0]
[0 0 0 0 0 1 0 0 0 0 0 0 0 0]
[0 0 0 0 0 0 0 0 0 0 0 0 0 1]
[0 0 0 0 0 0 0 0 0 0 0 0 1 0]
cocycle = -sqrt{-1}*iota*rho
True
beta*sigma*beta^{-1}=sigma
True
beta*rho*beta^{-1}=-sqrt{-1}*iota
True
beta*iota*beta^{-1}=-sqrt{-1}*rho
True
beta*rho*iota*beta^{-1}=rho*iota
True
=== beta_3 ===
beta =
[ 1  0  0  0  0  0  0  0  0  0  0  0  0  0]
[ 0  1  0  0  0  0  0  0  0  0  0  0  0  0]
[ 0  0  1  0  0  0  0  0  0  0  0  0  0  0]
[ 0  0  0  1  0  0  0  0  0  0  0  0  0  0]
[ 0  0  0  0  1  0  0  0  0  0  0  0  0  0]
[ 0  0  0  0  0  1  0  0  0  0  0  0  0  0]
[ 0  0  0  0  0  0  I  0  0  0  0  0  0  0]
[ 0  0  0  0  0  0  0  I  0  0  0  0  0  0]
[ 0  0  0  0  0  0  0  0  I  0  0  0  0  0]
[ 0  0  0  0  0  0  0  0  0  I  0  0  0  0]
[ 0  0  0  0  0  0  0  0  0  0  I  0  0  0]
[ 0  0  0  0  0  0  0  0  0  0  0  I  0  0]
[ 0  0  0  0  0  0  0  0  0  0  0  0 -1  0]
[ 0  0  0  0  0  0  0  0  0  0  0  0  0 -I]
cocycle =
[ 1  0  0  0  0  0  0  0  0  0  0  0  0  0]
[ 0  1  0  0  0  0  0  0  0  0  0  0  0  0]
[ 0  0  1  0  0  0  0  0  0  0  0  0  0  0]
[ 0  0  0  1  0  0  0  0  0  0  0  0  0  0]
[ 0  0  0  0  1  0  0  0  0  0  0  0  0  0]
[ 0  0  0  0  0  1  0  0  0  0  0  0  0  0]
[ 0  0  0  0  0  0 -1  0  0  0  0  0  0  0]
[ 0  0  0  0  0  0  0 -1  0  0  0  0  0  0]
[ 0  0  0  0  0  0  0  0 -1  0  0  0  0  0]
[ 0  0  0  0  0  0  0  0  0 -1  0  0  0  0]
[ 0  0  0  0  0  0  0  0  0  0 -1  0  0  0]
[ 0  0  0  0  0  0  0  0  0  0  0 -1  0  0]
[ 0  0  0  0  0  0  0  0  0  0  0  0  1  0]
[ 0  0  0  0  0  0  0  0  0  0  0  0  0 -1]
beta*sigma*beta^{-1}=
[ 1  0  0  0  0  0  0  0  0  0  0  0  0  0]
[ 0  1  0  0  0  0  0  0  0  0  0  0  0  0]
[ 0  0  1  0  0  0  0  0  0  0  0  0  0  0]
[ 0  0  0 -1  0  0  0  0  0  0  0  0  0  0]
[ 0  0  0  0 -1  0  0  0  0  0  0  0  0  0]
[ 0  0  0  0  0 -1  0  0  0  0  0  0  0  0]
[ 0  0  0  0  0  0  1  0  0  0  0  0  0  0]
[ 0  0  0  0  0  0  0  1  0  0  0  0  0  0]
[ 0  0  0  0  0  0  0  0  1  0  0  0  0  0]
[ 0  0  0  0  0  0  0  0  0 -1  0  0  0  0]
[ 0  0  0  0  0  0  0  0  0  0 -1  0  0  0]
[ 0  0  0  0  0  0  0  0  0  0  0 -1  0  0]
[ 0  0  0  0  0  0  0  0  0  0  0  0  1  0]
[ 0  0  0  0  0  0  0  0  0  0  0  0  0  1]
beta*rho*beta^{-1}=
[0 0 0 0 0 0 I 0 0 0 0 0 0 0]
[0 0 0 0 0 0 0 I 0 0 0 0 0 0]
[0 0 0 0 0 0 0 0 I 0 0 0 0 0]
[0 0 0 0 0 0 0 0 0 I 0 0 0 0]
[0 0 0 0 0 0 0 0 0 0 I 0 0 0]
[0 0 0 0 0 0 0 0 0 0 0 I 0 0]
[I 0 0 0 0 0 0 0 0 0 0 0 0 0]
[0 I 0 0 0 0 0 0 0 0 0 0 0 0]
[0 0 I 0 0 0 0 0 0 0 0 0 0 0]
[0 0 0 I 0 0 0 0 0 0 0 0 0 0]
[0 0 0 0 I 0 0 0 0 0 0 0 0 0]
[0 0 0 0 0 I 0 0 0 0 0 0 0 0]
[0 0 0 0 0 0 0 0 0 0 0 0 0 I]
[0 0 0 0 0 0 0 0 0 0 0 0 I 0]
beta*iota*beta^{-1}=
[ 1  0  0  0  0  0  0  0  0  0  0  0  0  0]
[ 0  1  0  0  0  0  0  0  0  0  0  0  0  0]
[ 0  0  1  0  0  0  0  0  0  0  0  0  0  0]
[ 0  0  0  1  0  0  0  0  0  0  0  0  0  0]
[ 0  0  0  0  1  0  0  0  0  0  0  0  0  0]
[ 0  0  0  0  0  1  0  0  0  0  0  0  0  0]
[ 0  0  0  0  0  0 -1  0  0  0  0  0  0  0]
[ 0  0  0  0  0  0  0 -1  0  0  0  0  0  0]
[ 0  0  0  0  0  0  0  0 -1  0  0  0  0  0]
[ 0  0  0  0  0  0  0  0  0 -1  0  0  0  0]
[ 0  0  0  0  0  0  0  0  0  0 -1  0  0  0]
[ 0  0  0  0  0  0  0  0  0  0  0 -1  0  0]
[ 0  0  0  0  0  0  0  0  0  0  0  0  1  0]
[ 0  0  0  0  0  0  0  0  0  0  0  0  0 -1]
beta*rho*iota*beta^{-1}=
[ 0  0  0  0  0  0 -I  0  0  0  0  0  0  0]
[ 0  0  0  0  0  0  0 -I  0  0  0  0  0  0]
[ 0  0  0  0  0  0  0  0 -I  0  0  0  0  0]
[ 0  0  0  0  0  0  0  0  0 -I  0  0  0  0]
[ 0  0  0  0  0  0  0  0  0  0 -I  0  0  0]
[ 0  0  0  0  0  0  0  0  0  0  0 -I  0  0]
[ I  0  0  0  0  0  0  0  0  0  0  0  0  0]
[ 0  I  0  0  0  0  0  0  0  0  0  0  0  0]
[ 0  0  I  0  0  0  0  0  0  0  0  0  0  0]
[ 0  0  0  I  0  0  0  0  0  0  0  0  0  0]
[ 0  0  0  0  I  0  0  0  0  0  0  0  0  0]
[ 0  0  0  0  0  I  0  0  0  0  0  0  0  0]
[ 0  0  0  0  0  0  0  0  0  0  0  0  0 -I]
[ 0  0  0  0  0  0  0  0  0  0  0  0  I  0]
cocycle= iota
True
beta*sigma*beta^{-1}=sigma
True
beta*rho*beta^{-1}=-sqrt{-1}*iota*rho
True
beta*iota*beta^{-1}=iota
True
beta*rho*iota*beta^{-1}=sqrt{-1}*rho
True